110 50
103 47
104 47
111 43
105 42
101 39
107 39
179 38
102 37
106 35
117 34
379 34
171 33
113 32
115 32
133 32
304 32
337 32
322 31
119 30
321 30
176 28
332 28
341 28
381 28
112 27
175 27
180 27
109 26
118 26
347 26
108 25
157 25
182 25
339 25
353 25
364 25
391 25
318 24
382 24
114 23
162 23
164 23
181 23
315 23
155 22
178 22
307 22
348 22
349 22
370 22
144 21
150 21
159 21
309 21
317 21
121 20
124 20
125 20
132 20
139 20
148 20
308 20
359 20
360 20
387 20
388 20
395 20
158 19
170 19
306 19
354 19
358 19
361 19
126 18
127 18
156 18
160 18
314 18
342 18
357 18
371 18
376 18
149 17
313 17
336 17
344 17
392 17
403 17
406 17
130 16
152 16
172 16
330 16
363 16
375 16
401 16
116 15
134 15
136 15
151 15
303 15
310 15
320 15
323 15
325 15
334 15
352 15
378 15
383 15
386 15
123 14
128 14
147 14
319 14
328 14
356 14
380 14
404 14
405 14
120 13
143 13
146 13
161 13
167 13
312 13
327 13
329 13
343 13
183 12
345 12
355 12
374 12
377 12
390 12
154 11
305 11
316 11
402 11
135 10
168 10
368 10
385 10
416 10
458 10
460 10
464 10
564 10
570 10
572 10
595 10
145 9
340 9
351 9
384 9
410 9
414 9
427 9
453 9
456 9
483 9
571 9
169 8
333 8
373 8
422 8
441 8
450 8
465 8
575 8
131 7
140 7
141 7
153 7
331 7
367 7
393 7
409 7
415 7
417 7
430 7
567 7
585 7
350 6
362 6
365 6
366 6
394 6
396 6
412 6
424 6
428 6
455 6
573 6
163 5
301 5
302 5
338 5
372 5
429 5
452 5
461 5
476 5
565 5
594 5
418 4
419 4
420 4
421 4
423 4
457 4
568 4
142 3
426 3
431 3
451 3
454 3
472 3
485 3
408 2
447 2
582 2
583 2
584 2
407 1
411 1
425 1
562 1
574 1
587 1
459 0
563 0
Descalificati:
122
129
137
138
165
166
173
174
177
311
324
326
335
346
369
389
413
474
569
581
