159 79
202 76
242 74
186 73
586 73
147 72
344 72
563 72
152 70
121 69
174 69
483 69
128 68
245 68
474 68
162 67
403 67
570 67
590 67
307 66
335 66
472 66
482 66
191 65
250 65
510 65
135 64
138 64
180 64
219 64
381 64
411 64
509 64
117 63
190 63
480 63
487 63
583 63
201 62
232 62
278 62
318 62
161 61
215 61
248 61
351 61
357 61
404 61
521 61
529 61
130 60
374 60
397 60
407 60
462 60
484 60
504 60
520 60
538 60
552 60
227 59
365 59
373 59
490 59
501 59
549 59
140 58
167 58
314 58
340 58
401 58
420 58
452 58
475 58
476 58
481 58
567 58
593 58
120 57
153 57
311 57
406 57
478 57
489 57
533 57
542 57
556 57
575 57
576 57
151 56
240 56
249 56
257 56
280 56
310 56
313 56
320 56
339 56
356 56
371 56
391 56
422 56
443 56
458 56
461 56
464 56
511 56
145 55
210 55
271 55
316 55
341 55
361 55
382 55
389 55
393 55
394 55
415 55
417 55
429 55
433 55
434 55
460 55
551 55
572 55
594 55
106 54
218 54
226 54
256 54
264 54
270 54
332 54
336 54
358 54
370 54
377 54
437 54
513 54
528 54
540 54
544 54
150 53
166 53
170 53
178 53
209 53
211 53
279 53
304 53
378 53
386 53
388 53
423 53
440 53
448 53
514 53
526 53
539 53
548 53
561 53
571 53
578 53
582 53
587 53
131 52
148 52
183 52
207 52
233 52
243 52
317 52
327 52
330 52
345 52
442 52
456 52
559 52
101 51
122 51
143 51
144 51
157 51
187 51
220 51
228 51
268 51
274 51
305 51
331 51
350 51
405 51
515 51
535 51
142 50
185 50
212 50
221 50
222 50
244 50
282 50
303 50
315 50
322 50
366 50
398 50
438 50
450 50
455 50
467 50
503 50
505 50
530 50
579 50
581 50
584 50
108 49
156 49
164 49
165 49
193 49
231 49
328 49
436 49
486 49
524 49
537 49
558 49
588 49
102 48
177 48
181 48
223 48
234 48
263 48
337 48
390 48
396 48
412 48
431 48
449 48
468 48
494 48
495 48
569 48
109 47
158 47
217 47
230 47
273 47
324 47
445 47
447 47
496 47
518 47
564 47
568 47
585 47
592 47
107 46
129 46
160 46
176 46
189 46
203 46
229 46
262 46
266 46
323 46
347 46
387 46
395 46
435 46
457 46
470 46
492 46
512 46
536 46
591 46
113 45
139 45
168 45
171 45
173 45
194 45
238 45
255 45
402 45
428 45
485 45
497 45
532 45
543 45
554 45
560 45
566 45
114 44
133 44
141 44
146 44
204 44
253 44
258 44
301 44
364 44
380 44
392 44
471 44
517 44
531 44
541 44
104 43
115 43
134 43
275 43
506 43
557 43
123 42
127 42
213 42
225 42
342 42
355 42
369 42
426 42
444 42
454 42
527 42
239 41
241 41
247 41
414 41
459 41
465 41
491 41
522 41
534 41
155 40
169 40
172 40
216 40
224 40
269 40
309 40
329 40
348 40
353 40
359 40
424 40
463 40
516 40
525 40
589 40
111 39
136 39
333 39
372 39
383 39
409 39
432 39
507 39
577 39
580 39
149 38
236 38
267 38
384 38
430 38
466 38
502 38
272 37
277 37
326 37
427 37
488 37
105 36
182 36
334 36
346 36
360 36
375 36
562 36
119 35
368 35
376 35
441 35
473 35
413 34
451 34
246 33
493 33
519 33
214 32
276 32
546 32
205 31
281 31
110 30
312 30
416 30
184 29
206 29
302 29
479 29
125 28
126 28
235 28
363 28
112 27
325 27
408 26
237 24
179 23
555 22
Descalificati:
103
116
118
124
132
137
154
163
175
188
192
208
251
252
254
259
260
261
265
306
308
319
321
338
343
349
352
354
362
367
379
385
410
418
419
421
425
439
446
453
469
477
508
523
545
547
550
553
565
573
574
595
596
