537 75
148 73
139 71
180 70
341 70
359 70
413 70
121 69
286 69
420 69
571 69
108 68
256 68
276 68
223 66
262 66
280 66
402 66
447 66
469 66
113 65
363 65
506 65
127 64
162 64
215 64
244 64
349 64
418 64
559 64
109 63
128 63
239 63
249 63
251 63
360 63
427 63
465 63
502 63
528 63
555 63
149 62
153 62
168 62
186 62
210 62
219 62
407 62
411 62
446 62
450 62
483 62
524 62
562 62
580 62
586 62
124 61
202 61
203 61
366 61
430 61
454 61
561 61
115 60
119 60
169 60
201 60
309 60
361 60
548 60
568 60
187 59
209 59
236 59
261 59
378 59
457 59
485 59
191 58
230 58
250 58
257 58
259 58
377 58
381 58
461 58
474 58
529 58
538 58
551 58
575 58
116 57
147 57
233 57
238 57
310 57
458 57
540 57
546 57
552 57
155 56
214 56
226 56
254 56
292 56
318 56
429 56
463 56
486 56
518 56
526 56
547 56
549 56
175 55
227 55
232 55
313 55
334 55
342 55
358 55
369 55
412 55
432 55
125 54
134 54
163 54
177 54
183 54
188 54
266 54
277 54
367 54
414 54
417 54
437 54
482 54
505 54
521 54
543 54
558 54
104 53
146 53
208 53
220 53
252 53
278 53
338 53
347 53
355 53
468 53
477 53
503 53
507 53
510 53
513 53
514 53
516 53
560 53
578 53
103 52
114 52
143 52
144 52
178 52
179 52
184 52
185 52
216 52
235 52
283 52
291 52
404 52
423 52
452 52
459 52
462 52
478 52
564 52
565 52
567 52
129 51
137 51
160 51
167 51
171 51
172 51
174 51
234 51
248 51
301 51
302 51
319 51
424 51
438 51
523 51
541 51
583 51
588 51
107 50
122 50
130 50
132 50
189 50
204 50
229 50
237 50
245 50
255 50
268 50
270 50
356 50
408 50
410 50
436 50
451 50
471 50
508 50
509 50
519 50
522 50
563 50
117 49
135 49
154 49
156 49
173 49
212 49
242 49
271 49
351 49
379 49
403 49
409 49
422 49
426 49
489 49
517 49
123 48
138 48
165 48
218 48
221 48
260 48
272 48
298 48
314 48
317 48
335 48
406 48
488 48
557 48
573 48
101 47
110 47
140 47
141 47
142 47
157 47
170 47
206 47
207 47
217 47
222 47
289 47
312 47
329 47
332 47
372 47
374 47
442 47
449 47
464 47
476 47
479 47
527 47
566 47
579 47
581 47
585 47
190 46
247 46
253 46
330 46
333 46
348 46
350 46
435 46
473 46
511 46
520 46
102 45
105 45
166 45
279 45
282 45
293 45
380 45
501 45
515 45
525 45
550 45
576 45
106 44
228 44
231 44
265 44
269 44
364 44
371 44
401 44
433 44
441 44
444 44
453 44
455 44
487 44
490 44
512 44
530 44
533 44
554 44
577 44
164 43
205 43
264 43
324 43
368 43
376 43
405 43
445 43
531 43
133 42
136 42
284 42
285 42
288 42
290 42
294 42
328 42
343 42
416 42
421 42
440 42
481 42
569 42
574 42
118 41
120 41
131 41
241 41
305 41
370 41
570 41
111 40
145 40
176 40
263 40
295 40
296 40
303 40
311 40
345 40
357 40
362 40
428 40
439 40
480 40
536 40
556 40
582 40
150 39
159 39
161 39
211 39
243 39
258 39
337 39
339 39
346 39
467 39
112 38
224 38
273 38
315 38
434 38
456 38
532 38
544 38
572 38
225 37
246 37
352 37
365 37
466 37
542 37
587 37
152 36
267 36
297 36
354 36
419 36
425 36
448 36
460 36
545 36
182 35
326 35
331 35
443 35
475 35
274 34
299 34
431 34
534 34
535 34
240 33
320 33
353 33
373 33
470 33
504 33
151 32
287 32
325 32
336 32
382 32
275 31
308 31
375 31
415 31
539 31
553 31
307 30
322 30
323 30
340 30
472 30
181 27
213 27
304 27
306 27
281 25
327 25
584 23
321 22
316 19
Descalificati:
126
158
344
484
