301 6
302 7
303 7
304 7
305 6
306 4
307 4
308 0
309 7
310 9
311 10
312 1
313 10
314 8
315 2
316 8
317 0
318 2
319 2
320 2
321 0
322 9
323 6
324 5
325 2
326 1
327 3
328 0
329 9
330 8
331 7
332 4
333 5
334 1
335 3
336 2
337 7
338 5
339 8
340 5
341 9
342 7
343 8
344 10
345 1
346 0
347 10
348 4
349 9
350 8
351 8
352 0
353 1
354 7
355 0
356 7
357 4
358 8
359 9
360 2
361 4
362 -1
363 1
364 0
365 1
366 2
367 0
368 9
369 1
370 10
371 1
372 2
373 1
374 5
375 0
376 4
377 4
378 3
379 -1
380 1
381 10
382 8
383 4
384 7
385 7
386 4
387 8
388 5
389 2
390 2
391 5
392 8
393 6
394 5
395 10
396 4
397 9
398 7
