401 6
402 7
403 5
404 2
405 1
406 9
407 2
408 4
409 7
410 3
411 10
412 6
413 2
414 8
415 4
416 1
417 9
418 10
419 -1
420 10
421 6
422 9
423 2
424 4
425 2
426 2
427 1
428 0
429 10
430 8
431 4
432 1
433 2
434 9
435 1
436 4
437 8
438 7
439 6
440 8
441 0
442 1
443 7
444 0
445 2
446 5
447 2
448 4
449 3
450 8
451 0
452 10
453 2
454 2
455 3
456 1
457 7
458 2
459 0
460 6
461 6
462 2
463 6
464 2
465 9
466 1
467 10
468 2
469 3
470 3
471 1
472 7
473 2
474 9
475 7
476 9
477 4
478 9
479 5
480 5
481 8
482 8
483 5
484 4
485 1
486 0
487 7
488 10
489 3
490 6
491 0
492 0
493 4
494 0
495 7
496 0
497 10
