501 10
502 1
503 9
504 5
505 3
506 4
507 2
508 6
509 3
510 10
511 2
512 4
513 1
514 6
515 3
516 5
517 8
518 8
519 6
520 4
521 6
522 2
523 3
524 6
525 0
526 8
527 4
528 2
529 10
530 6
531 1
532 2
533 5
534 1
535 1
536 7
537 0
538 1
539 4
540 7
541 8
542 3
543 4
544 5
545 8
546 3
547 10
548 6
549 5
550 2
551 8
552 8
553 5
554 7
555 1
556 9
557 6
558 6
559 1
560 9
561 9
562 6
563 5
564 2
565 5
566 1
567 10
568 9
569 3
570 9
571 8
572 9
573 3
574 -1
575 4
576 4
577 0
578 7
579 7
580 8
581 2
582 3
583 6
584 1
585 3
586 5
587 0
588 4
589 2
590 8
591 7
592 5
593 3
594 3
595 9
596 1
