301 4
302 3
303 2
304 10
305 8
306 2
307 8
308 3
309 5
310 2
311 9
312 4
313 6
314 2
315 5
316 6
317 4
318 9
319 9
320 7
321 4
322 10
323 8
324 1
325 10
326 2
327 3
328 1
329 0
330 2
331 2
332 10
333 5
334 10
335 4
336 5
337 3
338 8
339 5
340 0
341 10
342 10
343 4
344 10
345 0
346 5
347 8
348 6
349 0
350 1
351 7
352 10
353 9
354 10
355 3
356 3
357 9
358 2
359 1
360 3
361 10
362 -1
363 6
364 3
365 7
366 6
367 2
368 9
369 9
370 10
371 7
372 1
373 5
374 10
375 1
376 5
377 7
378 8
379 9
380 6
381 6
382 2
383 1
384 8
385 3
386 7
387 3
388 7
389 8
390 10
391 10
392 7
393 4
394 6
395 4
396 6
397 10
398 4
