301 7
302 6
303 9
304 6
305 0
306 1
307 5
308 6
309 3
310 8
311 3
312 3
313 6
314 10
315 7
316 3
317 5
318 7
319 8
320 8
321 9
322 9
323 8
324 10
325 2
326 7
327 6
328 4
329 4
330 4
331 6
332 2
333 6
334 3
335 8
336 8
337 8
338 8
339 6
340 4
341 0
342 1
343 7
344 6
345 7
346 1
347 6
348 2
349 9
350 3
351 3
352 1
353 2
354 4
355 2
356 4
357 6
358 4
359 6
360 1
361 9
362 4
363 2
364 4
365 9
366 5
367 3
368 0
369 3
370 1
371 10
372 3
373 6
374 6
375 7
376 0
377 6
378 8
379 6
380 7
381 7
382 4
383 8
384 3
385 6
386 1
387 7
388 8
389 9
390 0
391 8
392 9
393 3
394 1
395 6
396 3
397 7
398 10
