101 6
102 2
103 5
104 7
105 9
106 2
107 0
108 4
109 5
110 1
111 2
112 2
113 8
114 0
115 5
116 0
117 9
118 3
119 3
120 7
121 9
122 10
123 9
124 3
125 0
126 1
127 7
128 4
129 3
130 7
131 7
132 6
133 7
134 6
135 4
136 7
137 8
138 0
139 6
140 8
141 1
142 6
143 0
144 0
145 0
146 9
147 0
148 1
149 1
150 5
151 7
152 6
153 4
154 9
155 6
156 3
157 3
158 4
159 8
160 5
161 8
162 3
163 -1
164 4
165 8
166 9
167 6
168 8
169 1
170 8
171 8
172 4
173 5
174 7
175 9
176 2
177 7
178 8
179 2
180 7
181 0
182 1
183 0
184 3
185 9
186 2
187 3
188 8
189 7
190 3
191 3
192 9
193 9
194 3
