401 6
402 8
403 3
404 5
405 3
406 3
407 10
408 9
409 3
410 6
411 2
412 3
413 1
414 10
415 9
416 0
417 9
418 8
419 2
420 9
421 1
422 0
423 10
424 2
425 3
426 4
427 9
428 2
429 0
430 1
431 0
432 1
433 10
434 8
435 10
436 5
437 3
438 9
439 0
440 4
441 7
442 7
443 0
444 1
445 9
446 10
447 3
448 4
449 8
450 0
451 4
452 3
453 7
454 8
455 0
456 6
457 6
458 9
459 8
460 5
461 10
462 10
463 2
464 10
465 2
466 2
467 1
468 1
469 5
470 9
471 8
472 0
473 1
474 6
475 7
476 1
477 2
478 4
479 1
480 9
481 1
482 6
483 4
484 6
485 3
486 1
487 6
488 0
489 8
490 3
491 4
492 7
493 3
494 5
495 2
496 2
497 1
