301 5
302 1
303 6
304 1
305 6
306 10
307 8
308 3
309 8
310 8
311 8
312 8
313 0
314 1
315 8
316 0
317 10
318 5
319 0
320 2
321 10
322 9
323 7
324 7
325 2
326 8
327 7
328 9
329 4
330 5
331 7
332 0
333 3
334 0
335 8
336 5
337 1
338 0
339 1
340 9
341 7
342 1
343 1
344 9
345 5
346 4
347 4
348 5
349 -1
350 5
351 3
352 4
353 4
354 6
355 4
356 8
357 8
358 5
359 1
360 9
361 5
362 7
363 2
364 10
365 3
366 6
367 7
368 1
369 3
370 0
371 6
372 0
373 8
374 2
375 5
376 0
377 7
378 5
379 5
380 6
381 5
382 10
383 10
384 0
385 4
386 7
387 3
388 1
389 9
390 6
391 2
392 2
393 4
394 7
395 8
396 2
397 1
398 3
