201 4
202 8
203 1
204 6
205 0
206 2
207 3
208 9
209 9
210 10
211 4
212 8
213 6
214 0
215 6
216 3
217 6
218 1
219 3
220 5
221 8
222 0
223 6
224 1
225 0
226 3
227 9
228 1
229 5
230 10
231 4
232 6
233 9
234 4
235 0
236 2
237 2
238 4
239 6
240 10
241 2
242 9
243 0
244 3
245 8
246 1
247 0
248 9
249 0
250 6
251 10
252 8
253 6
254 8
255 4
256 6
257 7
258 7
259 -1
260 8
261 9
262 7
263 9
264 4
265 2
266 10
267 4
268 9
269 1
270 2
271 10
272 6
273 0
274 9
275 10
276 0
277 4
278 2
279 6
280 5
281 0
282 9
