401 10
402 8
403 7
404 4
405 0
406 3
407 7
408 3
409 10
410 3
411 7
412 1
413 10
414 0
415 9
416 1
417 0
418 10
419 7
420 2
421 0
422 3
423 4
424 6
425 9
426 9
427 2
428 3
429 9
430 2
431 2
432 10
433 7
434 8
435 9
436 6
437 0
438 2
439 5
440 5
441 4
442 6
443 9
444 7
445 1
446 10
447 6
448 3
449 4
450 4
451 6
452 9
453 8
454 6
455 6
456 2
457 10
458 3
459 5
460 9
461 4
462 7
463 3
464 1
465 7
466 9
467 1
468 5
469 4
470 10
471 8
472 8
473 7
474 10
475 9
476 6
477 5
478 8
479 10
480 5
481 10
482 5
483 7
484 10
485 6
486 10
487 8
488 7
489 4
490 5
491 5
492 0
493 1
494 7
495 4
496 3
497 3
