501 8
502 7
503 9
504 6
505 4
506 3
507 6
508 9
509 10
510 10
511 9
512 10
513 5
514 9
515 0
516 3
517 0
518 1
519 4
520 6
521 2
522 6
523 -1
524 2
525 0
526 6
527 2
528 9
529 0
530 10
531 0
532 6
533 10
534 8
535 6
536 1
537 4
538 10
539 10
540 8
541 5
542 9
543 10
544 7
545 6
546 0
547 3
548 2
549 6
550 8
551 10
552 3
553 5
554 1
555 0
556 3
557 9
558 9
559 4
560 4
561 0
562 2
563 8
564 5
565 1
566 2
567 10
568 0
569 6
570 9
571 7
572 10
573 10
574 10
575 2
576 10
577 5
578 2
579 3
580 3
581 8
582 0
583 10
584 7
585 9
586 10
587 3
588 9
589 6
590 3
591 1
592 6
593 3
594 7
595 -1
596 9
