301 0
302 0
303 3
304 9
305 1
306 9
307 8
308 3
309 9
310 7
311 4
312 0
313 3
314 7
315 8
316 2
317 7
318 10
319 2
320 7
321 1
322 1
323 3
324 0
325 2
326 1
327 2
328 0
329 2
330 3
331 1
332 3
333 3
334 5
335 6
336 7
337 5
338 5
339 9
340 6
341 0
342 1
343 5
344 4
345 7
346 3
347 8
348 5
349 5
350 4
351 7
352 9
353 2
354 6
355 4
356 9
357 5
358 5
359 1
360 6
361 3
362 3
363 3
364 9
365 5
366 8
367 7
368 1
369 5
370 9
371 4
372 1
373 6
374 10
375 0
376 0
377 3
378 1
379 9
380 1
381 9
382 1
383 0
384 2
385 5
386 10
387 7
388 8
389 0
390 6
391 10
392 1
393 10
394 4
395 0
396 8
397 1
398 10
