501 7
502 8
503 3
504 10
505 0
506 1
507 6
508 7
509 0
510 7
511 1
512 5
513 2
514 8
515 2
516 1
517 8
518 4
519 2
520 9
521 10
522 6
523 7
524 7
525 6
526 5
527 3
528 8
529 9
530 4
531 6
532 9
533 0
534 0
535 3
536 0
537 6
538 7
539 9
540 9
541 1
542 7
543 1
544 10
545 -1
546 1
547 10
548 8
549 3
550 -1
551 3
552 8
553 3
554 9
555 4
556 8
557 6
558 2
559 2
560 2
561 3
562 1
563 6
564 6
565 7
566 4
567 4
568 0
569 0
570 3
571 3
572 3
573 7
574 10
575 9
576 7
577 8
578 0
579 9
580 4
581 8
582 3
583 5
584 6
585 1
586 8
587 5
588 0
589 4
590 9
591 8
592 0
593 8
594 4
595 4
596 0
