201 1
202 7
203 7
204 8
205 5
206 7
207 0
208 10
209 6
210 8
211 4
212 8
213 7
214 0
215 4
216 5
217 3
218 3
219 3
220 2
221 10
222 8
223 9
224 0
225 7
226 7
227 3
228 8
229 2
230 1
231 6
232 7
233 1
234 6
235 7
236 2
237 3
238 2
239 2
240 2
241 9
242 8
243 0
244 5
245 9
246 4
247 6
248 10
249 7
250 1
251 9
252 6
253 9
254 -1
255 0
256 10
257 5
258 6
259 4
260 7
261 -1
262 0
263 7
264 6
265 3
266 10
267 3
268 3
269 8
270 6
271 8
272 4
273 6
274 10
275 1
276 3
277 10
278 10
279 8
280 0
281 3
282 0
