101 5
102 4
103 0
104 5
105 7
106 10
107 4
108 4
109 0
110 0
111 3
112 1
113 3
114 10
115 1
116 6
117 6
118 4
119 9
120 7
121 5
122 7
123 2
124 1
125 2
126 0
127 4
128 3
129 7
130 6
131 1
132 10
133 8
134 0
135 8
136 8
137 0
138 8
139 2
140 1
141 9
142 7
143 10
144 5
145 0
146 2
147 10
148 8
149 3
150 10
151 0
152 10
153 9
154 10
155 2
156 3
157 10
158 10
159 8
160 2
161 3
162 9
163 2
164 8
165 10
166 3
167 1
168 6
169 4
170 6
171 3
172 4
173 7
174 7
175 4
176 2
177 0
178 6
179 2
180 7
181 8
182 7
183 8
184 2
185 4
186 5
187 5
188 5
189 9
190 5
191 8
192 6
193 4
194 9
