101 2
102 9
103 2
104 2
105 2
106 6
107 6
108 3
109 10
110 0
111 5
112 9
113 3
114 7
115 2
116 0
117 10
118 0
119 1
120 1
121 5
122 3
123 8
124 -1
125 5
126 3
127 6
128 5
129 1
130 9
131 2
132 6
133 5
134 5
135 4
136 4
137 9
138 8
139 7
140 10
141 3
142 6
143 9
144 8
145 10
146 2
147 10
148 4
149 0
150 3
151 5
152 8
153 3
154 10
155 3
156 8
157 8
158 0
159 10
160 10
161 9
162 7
163 10
164 9
165 8
166 0
167 6
168 5
169 7
170 5
171 9
172 4
173 1
174 6
175 10
176 8
177 5
178 4
179 0
180 10
181 0
182 1
183 3
184 2
185 6
186 9
187 8
188 5
189 3
190 8
191 2
192 7
193 3
194 7
