501 4
502 7
503 5
504 8
505 9
506 4
507 4
508 2
509 8
510 9
511 5
512 2
513 7
514 1
515 9
516 6
517 4
518 5
519 0
520 2
521 7
522 9
523 2
524 3
525 5
526 1
527 9
528 4
529 9
530 3
531 6
532 7
533 9
534 5
535 3
536 6
537 3
538 8
539 1
540 9
541 10
542 3
543 2
544 10
545 6
546 3
547 9
548 10
549 10
550 2
551 1
552 9
553 9
554 3
555 4
556 3
557 0
558 8
559 7
560 7
561 6
562 3
563 6
564 10
565 -1
566 1
567 5
568 0
569 6
570 7
571 7
572 5
573 7
574 3
575 5
576 2
577 2
578 8
579 4
580 3
581 2
582 10
583 8
584 1
585 0
586 5
587 6
588 2
589 6
590 5
591 0
592 5
593 5
594 6
595 10
596 3
