101 8
102 1
103 2
104 3
105 4
106 3
107 10
108 9
109 2
110 2
111 8
112 2
113 0
114 2
115 5
116 6
117 3
118 10
119 6
120 8
121 5
122 4
123 0
124 8
125 1
126 4
127 7
128 7
129 2
130 10
131 8
132 8
133 9
134 1
135 7
136 1
137 9
138 2
139 6
140 10
141 7
142 4
143 5
144 10
145 9
146 1
147 10
148 1
149 2
150 3
151 10
152 7
153 7
154 3
155 6
156 6
157 10
158 3
159 9
160 9
161 7
162 10
163 5
164 3
165 0
166 5
167 6
168 4
169 9
170 1
171 3
172 3
173 2
174 6
175 5
176 4
177 0
178 2
179 3
180 9
181 9
182 2
183 1
184 3
185 10
186 10
187 7
188 3
189 5
190 8
191 10
192 5
193 5
194 0
