201 8
202 9
203 8
204 3
205 2
206 1
207 10
208 7
209 1
210 2
211 10
212 8
213 0
214 0
215 3
216 3
217 4
218 7
219 9
220 2
221 3
222 1
223 1
224 1
225 4
226 6
227 5
228 6
229 8
230 1
231 9
232 8
233 4
234 10
235 0
236 1
237 0
238 3
239 7
240 1
241 5
242 10
243 8
244 0
245 10
246 0
247 5
248 7
249 9
250 10
251 -1
252 10
253 4
254 2
255 4
256 3
257 9
258 0
259 4
260 5
261 0
262 5
263 8
264 1
265 8
266 4
267 0
268 6
269 8
270 5
271 1
272 2
273 4
274 5
275 3
276 1
277 3
278 9
279 3
280 3
281 4
282 6
