101 0
102 9
103 9
104 10
105 2
106 5
107 2
108 0
109 3
110 6
111 10
112 1
113 5
114 6
115 2
116 5
117 4
118 10
119 1
120 0
121 8
122 1
123 6
124 7
125 2
126 1
127 6
128 9
129 8
130 7
131 0
132 10
133 2
134 5
135 5
136 5
137 6
138 9
139 7
140 6
141 6
142 8
143 8
144 9
145 9
146 0
147 3
148 10
149 4
150 9
151 7
152 9
153 7
154 0
155 1
156 8
157 1
158 5
159 8
160 2
161 4
162 0
163 9
164 2
165 3
166 9
167 10
168 7
169 1
170 5
171 1
172 7
173 3
174 9
175 2
176 4
177 10
178 1
179 2
180 7
181 1
182 1
183 9
184 2
185 1
186 10
187 7
188 0
189 4
190 7
191 6
192 10
193 4
194 7
