301 1
302 1
303 7
304 6
305 8
306 3
307 9
308 4
309 3
310 0
311 6
312 2
313 7
314 10
315 9
316 8
317 5
318 8
319 2
320 9
321 3
322 0
323 0
324 2
325 1
326 4
327 8
328 10
329 4
330 6
331 10
332 10
333 0
334 4
335 9
336 7
337 0
338 -1
339 9
340 10
341 10
342 4
343 -1
344 8
345 8
346 8
347 0
348 5
349 10
350 3
351 3
352 10
353 7
354 -1
355 4
356 5
357 6
358 1
359 4
360 3
361 2
362 0
363 2
364 5
365 5
366 10
367 10
368 1
369 4
370 2
371 7
372 9
373 8
374 8
375 2
376 3
377 2
378 4
379 9
380 0
381 5
382 5
383 6
384 0
385 -1
386 0
387 2
388 6
389 1
390 0
391 4
392 1
393 2
394 9
395 3
396 1
397 10
398 8
