501 4
502 2
503 0
504 6
505 8
506 9
507 0
508 5
509 7
510 3
511 6
512 4
513 7
514 2
515 9
516 5
517 1
518 0
519 3
520 7
521 5
522 3
523 8
524 7
525 8
526 2
527 6
528 5
529 10
530 3
531 5
532 4
533 4
534 6
535 8
536 5
537 6
538 6
539 2
540 8
541 0
542 10
543 0
544 3
545 8
546 3
547 4
548 9
549 9
550 1
551 5
552 7
553 9
554 1
555 0
556 8
557 3
558 1
559 10
560 2
561 10
562 6
563 10
564 8
565 4
566 10
567 0
568 5
569 4
570 7
571 1
572 1
573 -1
574 2
575 7
576 7
577 4
578 8
579 7
580 0
581 3
582 2
583 6
584 5
585 9
586 10
587 10
588 2
589 1
590 7
591 9
592 9
593 10
594 6
595 3
596 -1
