401 6
402 0
403 10
404 10
405 5
406 10
407 8
408 1
409 0
410 2
411 7
412 9
413 0
414 3
415 0
416 0
417 1
418 10
419 4
420 4
421 2
422 7
423 8
424 1
425 5
426 3
427 4
428 7
429 4
430 0
431 7
432 9
433 9
434 8
435 3
436 9
437 10
438 3
439 0
440 3
441 4
442 5
443 3
444 9
445 5
446 10
447 7
448 7
449 1
450 7
451 0
452 6
453 7
454 4
455 7
456 0
457 9
458 7
459 2
460 7
461 1
462 6
463 1
464 2
465 0
466 1
467 10
468 10
469 1
470 3
471 7
472 7
473 4
474 5
475 6
476 9
477 -1
478 2
479 4
480 6
481 2
482 6
483 10
484 0
485 1
486 5
487 8
488 3
489 10
490 4
491 10
492 1
493 7
494 8
495 3
496 4
497 1
