301 10
302 0
303 0
304 2
305 1
306 1
307 7
308 3
309 4
310 3
311 0
312 0
313 8
314 9
315 1
316 10
317 1
318 0
319 -1
320 0
321 4
322 3
323 9
324 5
325 2
326 8
327 9
328 6
329 2
330 1
331 5
332 8
333 1
334 2
335 9
336 2
337 7
338 7
339 4
340 6
341 10
342 2
343 4
344 9
345 4
346 2
347 8
348 1
349 4
350 6
351 4
352 1
353 2
354 1
355 8
356 2
357 6
358 10
359 1
360 3
361 3
362 0
363 2
364 6
365 3
366 4
367 9
368 4
369 1
370 4
371 9
372 0
373 10
374 2
375 5
376 10
377 9
378 6
379 10
380 4
381 9
382 6
383 2
384 5
385 0
386 9
387 3
388 10
389 8
390 7
391 4
392 6
393 7
394 1
395 8
396 5
397 0
398 0
