101 8
102 5
103 -1
104 7
105 1
106 7
107 0
108 5
109 6
110 6
111 4
112 1
113 8
114 1
115 0
116 10
117 7
118 8
119 3
120 9
121 8
122 0
123 3
124 2
125 4
126 8
127 2
128 7
129 7
130 7
131 8
132 9
133 1
134 3
135 9
136 5
137 7
138 3
139 6
140 7
141 1
142 5
143 9
144 10
145 8
146 0
147 10
148 8
149 2
150 3
151 10
152 5
153 0
154 2
155 10
156 4
157 0
158 10
159 7
160 1
161 2
162 8
163 6
164 0
165 3
166 8
167 9
168 5
169 7
170 0
171 3
172 2
173 10
174 8
175 -1
176 8
177 9
178 7
179 1
180 9
181 1
182 4
183 8
184 7
185 1
186 4
187 5
188 -1
189 5
190 6
191 10
192 10
193 10
194 5
