401 8
402 3
403 6
404 4
405 9
406 10
407 2
408 2
409 3
410 -1
411 7
412 5
413 2
414 1
415 10
416 7
417 3
418 6
419 0
420 7
421 -1
422 8
423 4
424 7
425 -1
426 8
427 4
428 4
429 0
430 0
431 2
432 6
433 2
434 1
435 0
436 5
437 3
438 5
439 4
440 6
441 10
442 6
443 6
444 8
445 6
446 6
447 8
448 1
449 8
450 4
451 2
452 2
453 -1
454 5
455 3
456 9
457 5
458 6
459 6
460 3
461 8
462 6
463 7
464 3
465 10
466 7
467 6
468 7
469 -1
470 0
471 2
472 9
473 0
474 7
475 4
476 7
477 6
478 10
479 0
480 8
481 0
482 8
483 8
484 10
485 9
486 3
487 5
488 0
489 0
490 7
491 3
492 8
493 6
494 4
495 6
496 8
497 3
