101 2
102 8
103 7
104 0
105 3
106 3
107 8
108 4
109 3
110 0
111 1
112 0
113 7
114 8
115 6
116 2
117 8
118 -1
119 4
120 6
121 9
122 10
123 3
124 5
125 1
126 4
127 0
128 5
129 6
130 2
131 5
132 5
133 1
134 6
135 9
136 0
137 8
138 8
139 4
140 2
141 0
142 2
143 4
144 1
145 8
146 9
147 7
148 1
149 6
150 10
151 9
152 10
153 4
154 0
155 8
156 1
157 6
158 4
159 10
160 4
161 6
162 8
163 6
164 8
165 3
166 2
167 1
168 1
169 5
170 9
171 3
172 7
173 2
174 4
175 2
176 6
177 1
178 7
179 8
180 3
181 6
182 7
183 5
184 8
185 9
186 9
187 4
188 8
189 1
190 5
191 10
192 8
193 0
194 4
