401 10
402 2
403 9
404 7
405 3
406 4
407 9
408 7
409 3
410 10
411 7
412 10
413 10
414 1
415 10
416 2
417 3
418 -1
419 10
420 3
421 9
422 8
423 3
424 4
425 6
426 5
427 5
428 6
429 3
430 1
431 9
432 1
433 3
434 2
435 9
436 6
437 7
438 5
439 -1
440 7
441 0
442 6
443 8
444 0
445 1
446 -1
447 0
448 10
449 3
450 2
451 0
452 6
453 7
454 9
455 9
456 6
457 1
458 6
459 6
460 6
461 5
462 2
463 2
464 2
465 0
466 7
467 5
468 5
469 2
470 0
471 4
472 9
473 4
474 9
475 9
476 0
477 7
478 4
479 0
480 1
481 10
482 7
483 9
484 4
485 1
486 8
487 9
488 9
489 9
490 10
491 10
492 6
493 0
494 6
495 5
496 9
497 2
