101 9
102 3
103 4
104 7
105 2
106 8
107 6
108 8
109 9
110 4
111 2
112 0
113 6
114 2
115 8
116 -1
117 4
118 1
119 6
120 3
121 9
122 8
123 3
124 3
125 0
126 3
127 2
128 10
129 10
130 1
131 4
132 10
133 8
134 2
135 7
136 2
137 0
138 9
139 2
140 5
141 2
142 2
143 1
144 3
145 9
146 10
147 8
148 7
149 8
150 4
151 0
152 5
153 6
154 4
155 3
156 7
157 3
158 0
159 8
160 3
161 6
162 3
163 8
164 3
165 4
166 7
167 3
168 2
169 2
170 3
171 1
172 1
173 6
174 6
175 2
176 4
177 6
178 6
179 2
180 8
181 6
182 7
183 1
184 1
185 3
186 8
187 1
188 4
189 6
190 7
191 5
192 0
193 5
194 4
