401 2
402 2
403 9
404 7
405 10
406 10
407 10
408 0
409 0
410 2
411 0
412 6
413 0
414 7
415 1
416 6
417 6
418 3
419 4
420 7
421 3
422 5
423 5
424 2
425 7
426 6
427 4
428 3
429 10
430 4
431 6
432 2
433 6
434 1
435 3
436 0
437 1
438 6
439 9
440 0
441 0
442 1
443 6
444 5
445 10
446 2
447 5
448 2
449 6
450 6
451 8
452 1
453 8
454 2
455 1
456 8
457 6
458 3
459 9
460 2
461 4
462 10
463 7
464 8
465 4
466 7
467 6
468 7
469 3
470 7
471 0
472 3
473 10
474 5
475 0
476 3
477 9
478 1
479 2
480 5
481 10
482 4
483 10
484 6
485 10
486 4
487 4
488 2
489 10
490 10
491 1
492 2
493 3
494 3
495 10
496 8
497 9
