501 9
502 6
503 1
504 0
505 3
506 1
507 4
508 5
509 3
510 6
511 2
512 3
513 10
514 4
515 2
516 2
517 2
518 2
519 0
520 5
521 2
522 10
523 4
524 9
525 5
526 2
527 0
528 4
529 2
530 2
531 8
532 2
533 8
534 0
535 3
536 10
537 8
538 7
539 9
540 6
541 7
542 0
543 10
544 2
545 10
546 2
547 6
548 4
549 7
550 0
551 7
552 2
553 5
554 3
555 0
556 5
557 2
558 0
559 5
560 1
561 7
562 7
563 8
564 4
565 2
566 1
567 2
568 10
569 6
570 8
571 9
572 10
573 5
574 9
575 10
576 10
577 1
578 5
579 6
580 9
581 10
582 5
583 7
584 4
585 5
586 7
587 2
588 0
589 3
590 5
591 7
592 7
593 9
594 2
595 6
596 0
