301 0
302 2
303 8
304 6
305 2
306 0
307 7
308 -1
309 1
310 2
311 3
312 1
313 7
314 8
315 0
316 7
317 6
318 7
319 0
320 7
321 7
322 0
323 1
324 8
325 4
326 0
327 4
328 3
329 7
330 5
331 4
332 1
333 4
334 2
335 9
336 5
337 3
338 0
339 3
340 6
341 6
342 10
343 3
344 7
345 10
346 4
347 1
348 2
349 9
350 6
351 9
352 8
353 5
354 1
355 4
356 1
357 9
358 7
359 8
360 0
361 1
362 8
363 5
364 3
365 8
366 6
367 9
368 4
369 9
370 9
371 8
372 8
373 5
374 7
375 4
376 9
377 7
378 5
379 1
380 2
381 4
382 2
383 0
384 1
385 8
386 8
387 6
388 1
389 7
390 0
391 1
392 4
393 0
394 10
395 3
396 8
397 8
398 7
