101 9
102 3
103 0
104 0
105 4
106 4
107 0
108 2
109 2
110 8
111 1
112 7
113 3
114 1
115 5
116 2
117 5
118 1
119 0
120 6
121 1
122 2
123 5
124 9
125 7
126 4
127 8
128 10
129 1
130 8
131 9
132 8
133 1
134 5
135 9
136 2
137 9
138 8
139 4
140 7
141 6
142 6
143 0
144 4
145 1
146 6
147 5
148 10
149 10
150 4
151 5
152 6
153 7
154 -1
155 0
156 9
157 0
158 3
159 6
160 5
161 6
162 10
163 6
164 2
165 9
166 1
167 9
168 0
169 2
170 10
171 4
172 8
173 1
174 6
175 4
176 0
177 10
178 2
179 0
180 4
181 8
182 2
183 10
184 1
185 0
186 8
187 3
188 5
189 3
190 10
191 8
192 -1
193 7
194 6
