101 2
102 4
103 0
104 2
105 2
106 6
107 10
108 10
109 7
110 3
111 3
112 4
113 2
114 7
115 9
116 9
117 7
118 6
119 2
120 10
121 10
122 6
123 3
124 1
125 6
126 0
127 0
128 8
129 1
130 3
131 8
132 -1
133 2
134 10
135 2
136 5
137 -1
138 9
139 1
140 2
141 9
142 4
143 5
144 1
145 1
146 5
147 9
148 2
149 2
150 2
151 3
152 4
153 10
154 1
155 1
156 0
157 10
158 8
159 5
160 5
161 10
162 9
163 9
164 10
165 1
166 9
167 7
168 7
169 2
170 6
171 10
172 0
173 8
174 10
175 5
176 8
177 0
178 10
179 3
180 0
181 9
182 4
183 7
184 0
185 7
186 8
187 8
188 1
189 3
190 4
191 3
192 1
193 2
194 0
