201 10
202 10
203 1
204 5
205 7
206 3
207 10
208 1
209 10
210 7
211 7
212 2
213 7
214 3
215 2
216 3
217 2
218 7
219 8
220 1
221 8
222 8
223 2
224 9
225 4
226 0
227 2
228 3
229 7
230 9
231 9
232 8
233 1
234 2
235 0
236 10
237 3
238 3
239 4
240 4
241 3
242 3
243 8
244 3
245 7
246 1
247 10
248 4
249 8
250 6
251 7
252 5
253 0
254 2
255 6
256 9
257 0
258 1
259 6
260 0
261 1
262 6
263 6
264 10
265 3
266 0
267 9
268 5
269 0
270 10
271 0
272 0
273 6
274 5
275 3
276 2
277 0
278 3
279 3
280 7
281 4
282 10
