301 2
302 7
303 6
304 6
305 10
306 4
307 3
308 10
309 0
310 8
311 5
312 8
313 1
314 3
315 3
316 10
317 10
318 8
319 1
320 10
321 -1
322 1
323 2
324 5
325 2
326 6
327 10
328 6
329 0
330 8
331 4
332 7
333 10
334 6
335 1
336 10
337 8
338 6
339 1
340 6
341 3
342 0
343 9
344 3
345 7
346 4
347 0
348 7
349 9
350 10
351 8
352 -1
353 4
354 2
355 8
356 7
357 1
358 9
359 2
360 4
361 8
362 0
363 5
364 2
365 8
366 0
367 9
368 4
369 4
370 1
371 4
372 10
373 2
374 6
375 9
376 1
377 1
378 10
379 9
380 7
381 2
382 10
383 4
384 9
385 7
386 7
387 6
388 4
389 1
390 10
391 7
392 3
393 9
394 2
395 2
396 10
397 5
398 0
