501 5
502 1
503 3
504 8
505 6
506 10
507 10
508 5
509 9
510 3
511 10
512 0
513 7
514 9
515 9
516 2
517 3
518 2
519 4
520 8
521 9
522 3
523 10
524 5
525 6
526 10
527 2
528 4
529 10
530 0
531 1
532 8
533 3
534 6
535 8
536 4
537 7
538 1
539 0
540 0
541 1
542 7
543 8
544 9
545 2
546 1
547 9
548 3
549 9
550 6
551 8
552 8
553 2
554 7
555 0
556 4
557 3
558 1
559 8
560 6
561 5
562 0
563 4
564 4
565 8
566 4
567 7
568 7
569 4
570 7
571 5
572 4
573 7
574 6
575 10
576 2
577 6
578 7
579 4
580 0
581 6
582 4
583 0
584 7
585 8
586 9
587 8
588 8
589 3
590 5
591 2
592 6
593 9
594 3
595 9
596 9
