301 9
302 2
303 2
304 0
305 9
306 -1
307 7
308 4
309 0
310 9
311 9
312 3
313 8
314 0
315 7
316 1
317 4
318 6
319 4
320 4
321 2
322 8
323 2
324 4
325 0
326 0
327 0
328 10
329 8
330 10
331 5
332 9
333 2
334 3
335 9
336 3
337 6
338 7
339 10
340 6
341 0
342 6
343 6
344 6
345 3
346 5
347 1
348 3
349 4
350 5
351 9
352 9
353 4
354 10
355 5
356 10
357 7
358 3
359 7
360 5
361 10
362 4
363 0
364 2
365 10
366 3
367 -1
368 2
369 3
370 8
371 0
372 5
373 8
374 4
375 3
376 3
377 8
378 3
379 0
380 10
381 7
382 7
383 4
384 3
385 4
386 0
387 1
388 3
389 10
390 7
391 5
392 3
393 10
394 10
395 2
396 1
397 9
398 1
