401 9
402 2
403 1
404 8
405 9
406 3
407 4
408 0
409 4
410 1
411 9
412 5
413 3
414 1
415 3
416 3
417 9
418 8
419 3
420 10
421 3
422 5
423 0
424 6
425 6
426 4
427 2
428 2
429 3
430 2
431 4
432 6
433 7
434 7
435 5
436 6
437 4
438 3
439 3
440 9
441 0
442 10
443 7
444 3
445 3
446 4
447 7
448 5
449 9
450 9
451 4
452 8
453 2
454 2
455 6
456 2
457 0
458 6
459 0
460 6
461 2
462 8
463 5
464 10
465 1
466 4
467 0
468 3
469 0
470 6
471 3
472 8
473 5
474 8
475 8
476 7
477 1
478 6
479 4
480 9
481 8
482 10
483 3
484 6
485 6
486 3
487 5
488 2
489 10
490 1
491 1
492 5
493 0
494 8
495 0
496 6
497 6
