201 10
202 8
203 7
204 0
205 1
206 2
207 10
208 -1
209 0
210 7
211 8
212 6
213 1
214 9
215 10
216 2
217 2
218 5
219 9
220 9
221 1
222 2
223 7
224 2
225 5
226 10
227 8
228 4
229 0
230 2
231 3
232 8
233 7
234 0
235 0
236 5
237 4
238 7
239 3
240 3
241 4
242 10
243 5
244 6
245 3
246 3
247 0
248 9
249 0
250 8
251 4
252 1
253 7
254 2
255 3
256 8
257 5
258 4
259 9
260 -1
261 10
262 3
263 6
264 2
265 0
266 6
267 2
268 0
269 10
270 9
271 9
272 5
273 5
274 7
275 6
276 2
277 0
278 10
279 3
280 2
281 10
282 2
