501 1
502 0
503 3
504 10
505 1
506 4
507 4
508 -1
509 9
510 0
511 7
512 9
513 10
514 2
515 10
516 4
517 8
518 10
519 7
520 10
521 5
522 1
523 7
524 2
525 1
526 10
527 4
528 5
529 3
530 8
531 1
532 1
533 6
534 10
535 4
536 10
537 9
538 5
539 1
540 4
541 5
542 8
543 0
544 1
545 5
546 4
547 9
548 2
549 3
550 3
551 4
552 1
553 -1
554 4
555 1
556 6
557 2
558 8
559 6
560 2
561 0
562 1
563 8
564 5
565 7
566 2
567 6
568 0
569 2
570 9
571 1
572 1
573 0
574 2
575 4
576 3
577 3
578 8
579 4
580 6
581 3
582 10
583 10
584 4
585 3
586 10
587 2
588 6
589 8
590 9
591 0
592 4
593 0
594 10
595 1
596 3
