401 1
402 3
403 10
404 9
405 6
406 1
407 8
408 0
409 9
410 1
411 7
412 2
413 4
414 2
415 3
416 3
417 5
418 7
419 2
420 3
421 6
422 2
423 9
424 0
425 4
426 1
427 1
428 8
429 6
430 10
431 10
432 1
433 7
434 4
435 1
436 5
437 10
438 4
439 5
440 4
441 1
442 6
443 6
444 6
445 10
446 9
447 6
448 7
449 5
450 9
451 8
452 9
453 6
454 4
455 5
456 8
457 0
458 7
459 2
460 6
461 6
462 4
463 1
464 10
465 1
466 0
467 10
468 2
469 1
470 4
471 10
472 10
473 0
474 4
475 7
476 9
477 3
478 10
479 1
480 8
481 4
482 7
483 5
484 7
485 3
486 9
487 10
488 0
489 2
490 6
491 1
492 7
493 5
494 4
495 2
496 4
497 8
