501 6
502 0
503 7
504 3
505 6
506 3
507 3
508 2
509 9
510 8
511 8
512 1
513 1
514 10
515 2
516 7
517 2
518 9
519 1
520 9
521 9
522 0
523 1
524 5
525 8
526 3
527 3
528 9
529 7
530 7
531 6
532 3
533 9
534 4
535 10
536 3
537 2
538 8
539 7
540 0
541 2
542 6
543 9
544 6
545 0
546 10
547 -1
548 3
549 2
550 3
551 2
552 4
553 7
554 5
555 2
556 7
557 6
558 8
559 7
560 5
561 9
562 7
563 9
564 0
565 0
566 10
567 7
568 8
569 7
570 8
571 4
572 10
573 2
574 9
575 5
576 6
577 6
578 3
579 0
580 4
581 3
582 10
583 3
584 10
585 8
586 5
587 9
588 8
589 7
590 9
591 5
592 2
593 4
594 4
595 5
596 5
