401 0
402 10
403 7
404 5
405 5
406 4
407 0
408 0
409 0
410 9
411 8
412 1
413 2
414 8
415 6
416 7
417 10
418 -1
419 6
420 3
421 4
422 9
423 8
424 8
425 10
426 0
427 5
428 10
429 10
430 10
431 4
432 2
433 2
434 7
435 5
436 3
437 8
438 6
439 0
440 7
441 9
442 4
443 4
444 3
445 0
446 6
447 3
448 10
449 1
450 1
451 2
452 4
453 3
454 0
455 10
456 10
457 2
458 7
459 3
460 5
461 10
462 5
463 6
464 8
465 7
466 0
467 1
468 6
469 1
470 4
471 1
472 5
473 2
474 5
475 1
476 7
477 8
478 3
479 2
480 7
481 5
482 5
483 8
484 7
485 5
486 6
487 1
488 4
489 1
490 7
491 6
492 10
493 4
494 3
495 9
496 3
497 2
