501 5
502 6
503 10
504 4
505 10
506 4
507 0
508 8
509 6
510 9
511 6
512 8
513 4
514 2
515 5
516 5
517 8
518 6
519 6
520 0
521 6
522 1
523 4
524 3
525 1
526 6
527 9
528 4
529 1
530 7
531 10
532 3
533 3
534 1
535 5
536 0
537 4
538 7
539 10
540 3
541 5
542 4
543 1
544 1
545 2
546 5
547 0
548 6
549 5
550 8
551 7
552 10
553 9
554 5
555 10
556 4
557 6
558 6
559 2
560 7
561 4
562 3
563 8
564 3
565 4
566 10
567 7
568 8
569 10
570 0
571 8
572 2
573 10
574 8
575 1
576 6
577 4
578 5
579 6
580 2
581 5
582 6
583 8
584 5
585 1
586 4
587 8
588 10
589 0
590 7
591 7
592 3
593 7
594 10
595 2
596 8
