101 0
102 5
103 4
104 6
105 2
106 9
107 7
108 1
109 3
110 8
111 9
112 0
113 8
114 4
115 4
116 4
117 9
118 -1
119 2
120 3
121 8
122 -1
123 1
124 10
125 4
126 8
127 7
128 1
129 2
130 2
131 2
132 1
133 7
134 10
135 8
136 6
137 -1
138 10
139 0
140 0
141 1
142 7
143 8
144 1
145 4
146 4
147 9
148 9
149 2
150 0
151 2
152 0
153 3
154 5
155 7
156 2
157 4
158 7
159 0
160 1
161 4
162 4
163 1
164 3
165 7
166 6
167 6
168 0
169 1
170 1
171 8
172 3
173 1
174 1
175 6
176 6
177 4
178 0
179 8
180 5
181 4
182 9
183 3
