101 10
102 6
103 9
104 4
105 3
106 0
107 1
108 1
109 2
110 10
111 6
112 5
113 9
114 6
115 9
116 3
117 7
118 1
119 9
120 2
121 7
122 3
123 10
124 8
125 7
126 7
127 5
128 1
129 0
130 5
131 5
132 2
133 4
134 3
135 5
136 0
137 -1
138 -1
139 8
140 4
141 3
142 10
143 10
144 9
145 6
146 8
147 5
148 4
149 0
150 10
151 7
152 6
153 4
154 6
155 5
156 4
157 8
158 6
159 4
160 6
161 10
162 6
163 1
164 8
165 5
166 0
167 8
168 -1
169 1
170 0
171 10
172 2
173 4
174 7
175 5
176 4
177 -1
178 5
179 9
180 5
181 4
182 1
183 10
