101 10
102 7
103 1
104 8
105 4
106 7
107 9
108 3
109 6
110 0
111 7
112 2
113 1
114 5
115 5
116 3
117 7
118 5
119 10
120 2
121 3
122 6
123 0
124 4
125 10
126 1
127 8
128 4
129 7
130 8
131 9
132 5
133 10
134 10
135 8
136 7
137 7
138 8
139 9
140 0
141 5
142 0
143 2
144 10
145 9
146 9
147 5
148 0
149 8
150 7
151 10
152 6
153 5
154 0
155 2
156 8
157 8
158 5
159 0
160 7
161 9
162 6
163 4
164 3
165 3
166 7
167 1
168 6
169 1
170 6
171 2
172 8
173 9
174 7
175 3
176 8
177 6
178 2
179 9
180 9
181 10
182 2
183 3
