101 3
102 10
103 4
104 0
105 -1
106 10
107 1
108 4
109 4
110 6
111 4
112 6
113 6
114 2
115 0
116 1
117 2
118 5
119 1
120 8
121 4
122 2
123 4
124 10
125 2
126 7
127 9
128 5
129 0
130 7
131 6
132 6
133 5
134 6
135 -1
136 3
137 0
138 5
139 2
140 1
141 1
142 4
143 3
144 0
145 7
146 0
147 1
148 10
149 3
150 3
151 4
152 0
153 2
154 4
155 2
156 0
157 10
158 9
159 0
160 5
161 4
162 9
163 3
164 0
165 6
166 1
167 6
168 -1
169 6
170 4
171 3
172 7
173 6
174 2
175 10
176 0
177 0
178 0
179 5
180 4
181 3
182 8
183 10
