101 7
102 8
103 2
104 9
105 8
106 0
107 9
108 2
109 1
110 2
111 9
112 9
113 8
114 2
115 4
116 6
117 3
118 0
119 10
120 1
121 7
122 6
123 7
124 10
125 10
126 10
127 3
128 1
129 10
130 5
131 3
132 10
133 2
134 10
135 5
136 6
137 9
138 5
139 7
140 9
141 5
142 1
143 4
144 2
145 2
146 2
147 4
148 8
149 8
150 3
151 5
152 0
153 7
154 2
155 6
156 5
157 7
158 -1
159 9
160 6
161 6
162 0
163 3
164 5
165 7
166 10
167 4
168 -1
169 4
170 7
171 4
172 5
173 10
174 2
175 8
176 6
177 1
178 7
179 8
180 3
181 3
182 3
183 5
