101 8
102 1
103 7
104 9
105 8
106 8
107 10
108 8
109 1
110 0
111 5
112 4
113 7
114 9
115 5
116 2
117 10
118 7
119 9
120 4
121 1
122 1
123 5
124 1
125 0
126 6
127 6
128 3
129 -1
130 10
131 -1
132 9
133 8
134 7
135 3
136 9
137 10
138 7
139 9
140 9
141 3
142 10
143 1
144 7
145 3
146 2
147 6
148 3
149 7
150 9
151 2
152 3
153 4
154 10
155 7
156 0
157 4
158 7
159 0
160 5
161 0
162 9
163 6
164 10
165 0
166 9
167 0
168 2
169 5
170 3
171 9
172 9
173 -1
174 6
175 7
176 6
177 6
178 9
179 7
180 10
181 9
182 3
183 4
