201 4
202 8
203 8
204 9
205 7
206 8
207 1
208 10
209 4
210 9
211 8
212 5
213 8
214 8
215 8
216 0
217 9
218 4
219 1
220 5
221 6
222 3
223 9
224 3
225 4
226 8
227 8
228 5
229 8
230 4
231 10
232 2
233 10
234 2
235 6
236 6
237 6
238 7
239 0
240 3
241 10
242 2
243 2
244 1
245 6
246 1
247 8
248 0
249 6
250 8
251 6
252 1
253 1
254 1
255 3
256 1
257 2
258 10
259 -1
260 10
261 3
262 0
263 2
264 7
265 8
266 6
267 1
268 7
269 9
270 8
271 3
272 5
273 2
274 4
275 4
276 4
277 8
278 2
279 6
280 6
281 5
282 10
283 9
284 2
285 8
286 9
287 9
288 5
289 0
290 1
