201 9
202 1
203 4
204 10
205 10
206 1
207 5
208 10
209 3
210 9
211 8
212 1
213 10
214 1
215 3
216 8
217 1
218 4
219 6
220 5
221 1
222 1
223 7
224 6
225 5
226 2
227 8
228 4
229 3
230 9
231 6
232 4
233 0
234 9
235 7
236 10
237 8
238 1
239 1
240 1
241 9
242 2
243 3
244 3
245 8
246 6
247 1
248 9
249 3
250 5
251 6
252 3
253 4
254 4
255 10
256 6
257 5
258 2
259 2
260 8
261 0
262 0
263 1
264 0
265 1
266 0
267 9
268 8
269 7
270 3
271 7
272 0
273 5
274 4
275 2
276 2
277 4
278 0
279 8
280 8
281 3
282 4
283 0
284 10
285 3
286 9
287 8
288 6
289 9
290 5
