201 4
202 6
203 1
204 2
205 -1
206 0
207 4
208 10
209 5
210 2
211 0
212 7
213 9
214 0
215 2
216 5
217 5
218 9
219 4
220 1
221 10
222 8
223 4
224 1
225 8
226 2
227 2
228 3
229 1
230 9
231 3
232 5
233 6
234 8
235 5
236 10
237 7
238 4
239 2
240 8
241 4
242 4
243 3
244 4
245 9
246 7
247 0
248 7
249 0
250 1
251 10
252 8
253 7
254 5
255 2
256 7
257 8
258 0
259 6
260 4
261 2
262 1
263 8
264 -1
265 8
266 6
267 6
268 8
269 1
270 3
271 8
272 3
273 9
274 0
275 9
276 10
277 3
278 9
279 3
280 9
281 10
282 0
283 10
284 4
285 3
286 9
287 8
288 2
289 4
290 2
