201 0
202 10
203 7
204 7
205 10
206 1
207 10
208 1
209 3
210 4
211 9
212 1
213 8
214 6
215 6
216 3
217 5
218 8
219 0
220 4
221 7
222 8
223 9
224 3
225 5
226 3
227 6
228 10
229 8
230 6
231 4
232 7
233 9
234 10
235 -1
236 3
237 1
238 3
239 3
240 -1
241 2
242 0
243 7
244 7
245 5
246 10
247 6
248 -1
249 1
250 6
251 0
252 8
253 6
254 6
255 1
256 5
257 0
258 6
259 2
260 0
261 3
262 6
263 9
264 9
265 7
266 1
267 5
268 4
269 4
270 6
271 9
272 1
273 6
274 9
275 3
276 3
277 10
278 5
279 2
280 4
281 3
282 1
283 0
284 5
285 4
286 8
287 7
288 8
289 1
290 8
