201 8
202 8
203 3
204 10
205 6
206 9
207 3
208 9
209 4
210 3
211 10
212 5
213 1
214 9
215 9
216 1
217 3
218 4
219 5
220 1
221 0
222 10
223 3
224 1
225 5
226 8
227 4
228 2
229 10
230 3
231 0
232 8
233 2
234 7
235 2
236 6
237 6
238 3
239 1
240 3
241 7
242 8
243 10
244 2
245 7
246 3
247 9
248 7
249 0
250 4
251 8
252 2
253 4
254 10
255 7
256 6
257 1
258 0
259 10
260 7
261 7
262 7
263 5
264 1
265 3
266 5
267 2
268 1
269 10
270 7
271 1
272 6
273 4
274 10
275 6
276 3
277 0
278 5
279 2
280 9
281 6
282 4
283 8
284 1
285 2
286 10
287 10
288 3
289 7
290 3
