301 3
302 10
303 5
304 3
305 10
306 6
307 3
308 0
309 7
310 1
311 6
312 4
313 10
314 2
315 3
316 10
317 9
318 2
319 3
320 5
321 3
322 1
323 10
324 3
325 3
326 0
327 2
328 5
329 4
330 2
331 3
332 2
333 7
334 0
335 8
336 0
337 4
338 4
339 1
340 4
341 10
342 2
343 7
344 9
345 0
346 9
347 9
348 0
349 2
350 4
351 4
352 6
353 4
354 8
355 5
356 7
357 5
358 1
359 1
360 2
361 9
362 1
363 9
364 0
365 2
366 7
367 9
368 2
369 1
370 4
371 10
372 7
373 7
374 6
375 6
376 7
377 7
378 -1
379 3
380 10
381 0
382 8
383 10
384 6
385 8
386 -1
387 10
388 5
389 8
390 0
391 8
392 9
393 8
394 2
395 5
396 3
