301 2
302 8
303 0
304 1
305 4
306 1
307 7
308 2
309 6
310 10
311 10
312 0
313 7
314 0
315 2
316 0
317 4
318 5
319 2
320 10
321 10
322 7
323 6
324 0
325 0
326 2
327 10
328 5
329 10
330 5
331 5
332 3
333 9
334 7
335 0
336 8
337 5
338 4
339 1
340 0
341 1
342 7
343 -1
344 1
345 1
346 8
347 7
348 3
349 10
350 0
351 7
352 4
353 9
354 7
355 6
356 8
357 9
358 0
359 2
360 9
361 2
362 3
363 5
364 2
365 3
366 0
367 4
368 2
369 9
370 0
371 5
372 7
373 7
374 8
375 7
376 0
377 0
378 7
379 8
380 6
381 5
382 6
383 9
384 0
385 4
386 9
387 6
388 7
389 0
390 8
391 7
392 3
393 7
394 0
395 5
396 2
