401 3
402 6
403 4
404 1
405 2
406 5
407 3
408 1
409 4
410 9
411 10
412 1
413 7
414 3
415 5
416 0
417 9
418 6
419 4
420 0
421 1
422 9
423 10
424 3
425 0
426 10
427 0
428 3
429 0
430 2
431 3
432 10
433 -1
434 5
435 8
436 2
437 10
438 10
439 5
440 3
441 6
442 7
443 3
444 4
445 6
446 10
447 0
448 8
449 3
450 1
451 10
452 1
453 6
454 8
455 6
456 6
457 3
458 0
459 7
460 1
461 1
462 9
463 8
464 10
465 6
466 7
467 0
468 10
469 5
470 4
471 6
472 7
473 1
474 1
475 1
476 6
477 1
478 0
479 9
480 4
481 8
482 7
483 5
484 0
485 1
486 4
487 5
