401 7
402 6
403 0
404 5
405 4
406 8
407 2
408 9
409 3
410 10
411 5
412 8
413 10
414 8
415 4
416 5
417 10
418 0
419 9
420 4
421 1
422 7
423 3
424 7
425 9
426 8
427 5
428 2
429 4
430 1
431 10
432 7
433 4
434 5
435 10
436 10
437 8
438 2
439 5
440 3
441 0
442 3
443 2
444 5
445 1
446 1
447 10
448 9
449 0
450 0
451 9
452 0
453 2
454 3
455 7
456 10
457 0
458 10
459 4
460 4
461 6
462 7
463 10
464 3
465 2
466 9
467 1
468 3
469 8
470 10
471 8
472 10
473 9
474 9
475 10
476 7
477 4
478 7
479 2
480 2
481 0
482 3
483 7
484 4
485 10
486 7
487 10
