401 9
402 8
403 8
404 7
405 10
406 10
407 0
408 2
409 6
410 9
411 0
412 6
413 -1
414 9
415 7
416 10
417 7
418 4
419 4
420 4
421 4
422 8
423 4
424 6
425 1
426 3
427 9
428 6
429 5
430 7
431 3
432 10
433 3
434 6
435 6
436 3
437 3
438 4
439 6
440 1
441 8
442 5
443 7
444 1
445 3
446 3
447 2
448 10
449 0
450 8
451 3
452 5
453 9
454 3
455 6
456 9
457 4
458 10
459 0
460 10
461 5
462 5
463 0
464 10
465 8
466 5
467 4
468 2
469 8
470 7
471 5
472 3
473 5
474 -1
475 5
476 5
477 5
478 9
479 4
480 10
481 7
482 8
483 9
484 7
485 3
486 7
487 3
