401 5
402 -1
403 5
404 8
405 3
406 6
407 5
408 4
409 3
410 6
411 9
412 10
413 6
414 4
415 10
416 9
417 5
418 9
419 9
420 2
421 3
422 -1
423 8
424 4
425 5
426 3
427 7
428 2
429 1
430 2
431 1
432 10
433 8
434 5
435 2
436 5
437 2
438 2
439 2
440 5
441 3
442 8
443 3
444 9
445 1
446 2
447 3
448 -1
449 0
450 3
451 4
452 9
453 2
454 7
455 1
456 4
457 4
458 4
459 3
460 0
461 1
462 6
463 2
464 9
465 7
466 1
467 10
468 5
469 7
470 9
471 0
472 2
473 1
474 5
475 4
476 8
477 5
478 4
479 7
480 5
481 10
482 0
483 4
484 9
485 5
486 4
487 7
