401 5
402 8
403 10
404 9
405 9
406 5
407 3
408 8
409 2
410 3
411 10
412 0
413 1
414 3
415 2
416 10
417 4
418 2
419 6
420 6
421 8
422 10
423 6
424 10
425 6
426 4
427 0
428 10
429 9
430 5
431 2
432 5
433 8
434 8
435 4
436 6
437 3
438 0
439 2
440 2
441 8
442 0
443 9
444 8
445 8
446 5
447 -1
448 8
449 0
450 9
451 7
452 7
453 1
454 4
455 0
456 10
457 9
458 6
459 2
460 4
461 9
462 9
463 8
464 8
465 10
466 7
467 -1
468 2
469 7
470 2
471 2
472 0
473 0
474 1
475 4
476 7
477 9
478 9
479 7
480 -1
481 2
482 2
483 6
484 10
485 2
486 5
487 10
