401 4
402 8
403 10
404 1
405 7
406 9
407 8
408 4
409 10
410 10
411 7
412 1
413 10
414 1
415 8
416 4
417 8
418 0
419 6
420 -1
421 1
422 7
423 10
424 9
425 10
426 8
427 3
428 -1
429 10
430 4
431 3
432 1
433 9
434 5
435 2
436 10
437 9
438 7
439 9
440 0
441 4
442 3
443 -1
444 3
445 8
446 1
447 2
448 8
449 9
450 0
451 6
452 5
453 8
454 2
455 3
456 9
457 9
458 0
459 3
460 1
461 4
462 5
463 1
464 1
465 6
466 3
467 1
468 7
469 1
470 3
471 1
472 2
473 6
474 1
475 6
476 6
477 3
478 1
479 3
480 10
481 1
482 7
483 10
484 6
485 7
486 5
487 0
