501 3
502 0
503 7
504 8
505 7
506 9
507 4
508 3
509 7
510 9
511 1
512 8
513 -1
514 2
515 8
516 2
517 4
518 6
519 9
520 7
521 7
522 3
523 7
524 3
525 6
526 10
527 6
528 10
529 5
530 5
531 4
532 10
533 7
534 8
535 3
536 8
537 5
538 8
539 8
540 0
541 4
542 5
543 0
544 10
545 6
546 6
547 8
548 6
549 6
550 5
551 4
552 4
553 0
554 6
555 9
556 10
557 4
558 8
559 -1
560 8
561 2
562 1
563 3
564 4
565 8
566 10
567 8
568 8
569 9
570 8
571 4
572 2
573 6
574 2
575 2
576 1
577 5
578 2
579 2
580 3
581 0
582 3
583 9
584 10
585 4
586 10
587 8
588 10
589 5
590 8
591 9
592 8
593 10
594 0
595 2
