501 5
502 10
503 3
504 9
505 0
506 8
507 2
508 2
509 4
510 3
511 4
512 6
513 3
514 1
515 2
516 5
517 4
518 8
519 8
520 3
521 7
522 0
523 6
524 1
525 6
526 8
527 0
528 7
529 7
530 8
531 2
532 2
533 5
534 0
535 6
536 7
537 1
538 7
539 6
540 3
541 10
542 9
543 2
544 1
545 8
546 5
547 0
548 2
549 5
550 4
551 5
552 9
553 1
554 9
555 -1
556 1
557 10
558 1
559 0
560 9
561 10
562 10
563 6
564 1
565 9
566 3
567 7
568 6
569 0
570 8
571 0
572 10
573 8
574 7
575 3
576 -1
577 2
578 10
579 6
580 10
581 1
582 4
583 6
584 1
585 1
586 10
587 1
588 5
589 2
590 6
591 4
592 8
593 7
594 2
595 0
