501 10
502 4
503 7
504 9
505 7
506 10
507 6
508 0
509 1
510 5
511 3
512 4
513 5
514 1
515 8
516 0
517 0
518 1
519 5
520 3
521 4
522 0
523 2
524 6
525 7
526 8
527 9
528 10
529 2
530 2
531 4
532 6
533 6
534 9
535 5
536 -1
537 8
538 10
539 0
540 10
541 7
542 8
543 7
544 3
545 9
546 7
547 3
548 0
549 1
550 4
551 0
552 10
553 2
554 1
555 7
556 -1
557 2
558 9
559 5
560 6
561 3
562 6
563 9
564 9
565 3
566 6
567 3
568 9
569 10
570 0
571 2
572 1
573 7
574 7
575 4
576 0
577 7
578 4
579 7
580 5
581 5
582 9
583 8
584 4
585 2
586 6
587 10
588 4
589 7
590 8
591 10
592 3
593 1
594 6
595 5
