201 1
202 10
203 5
204 4
205 10
206 3
207 9
208 8
209 6
210 8
211 7
212 10
213 10
214 2
215 0
216 1
217 6
218 6
219 1
220 10
221 6
222 4
223 0
224 8
225 7
226 5
227 10
228 5
229 9
230 4
231 8
232 9
233 3
234 1
235 3
236 4
237 8
238 1
239 5
240 2
241 1
242 0
243 2
244 6
245 8
246 8
247 1
248 4
249 10
250 8
251 1
252 7
253 5
254 7
255 6
256 7
257 5
258 5
259 9
260 3
261 7
262 6
263 4
264 0
265 2
266 1
267 4
268 10
269 4
270 7
271 2
272 4
273 9
274 1
275 6
276 9
277 3
278 9
279 4
280 6
281 0
282 5
283 1
284 1
285 10
286 3
287 9
288 8
289 2
290 1
