101 6
102 5
103 10
104 6
105 8
106 9
107 5
108 0
109 1
110 8
111 2
112 3
113 7
114 3
115 1
116 2
117 10
118 10
119 9
120 6
121 9
122 8
123 4
124 5
125 7
126 8
127 9
128 6
129 2
130 10
131 1
132 7
133 4
134 0
135 10
136 6
137 6
138 -1
139 10
140 3
141 5
142 0
143 2
144 10
145 9
146 2
147 5
148 7
149 4
150 4
151 10
152 0
153 2
154 4
155 2
156 0
157 9
158 8
159 7
160 5
161 0
162 4
163 8
164 10
165 -1
166 -1
167 4
168 10
169 3
170 9
171 7
172 1
173 2
174 5
175 9
176 6
177 6
178 8
179 10
180 8
181 2
182 10
183 3
