201 3
202 4
203 6
204 7
205 9
206 10
207 7
208 0
209 6
210 8
211 7
212 9
213 6
214 7
215 10
216 4
217 4
218 4
219 2
220 4
221 3
222 -1
223 10
224 2
225 8
226 8
227 9
228 0
229 8
230 9
231 8
232 1
233 9
234 2
235 9
236 6
237 3
238 9
239 9
240 3
241 9
242 9
243 0
244 9
245 8
246 5
247 10
248 3
249 2
250 9
251 -1
252 2
253 9
254 10
255 6
256 2
257 6
258 9
259 0
260 7
261 1
262 9
263 8
264 8
265 2
266 0
267 4
268 1
269 10
270 8
271 7
272 6
273 8
274 1
275 9
276 1
277 7
278 1
279 10
280 4
281 8
282 8
283 5
284 8
285 8
286 8
287 4
288 4
289 5
290 7
