301 3
302 10
303 0
304 9
305 6
306 7
307 10
308 6
309 6
310 5
311 2
312 7
313 3
314 5
315 9
316 6
317 4
318 5
319 4
320 1
321 3
322 10
323 0
324 9
325 10
326 8
327 0
328 5
329 5
330 5
331 4
332 0
333 1
334 1
335 2
336 2
337 8
338 8
339 5
340 10
341 10
342 1
343 1
344 9
345 5
346 5
347 0
348 4
349 7
350 3
351 5
352 4
353 5
354 8
355 6
356 10
357 1
358 9
359 4
360 5
361 8
362 4
363 6
364 6
365 0
366 10
367 1
368 3
369 1
370 1
371 5
372 8
373 9
374 8
375 2
376 10
377 0
378 4
379 10
380 5
381 6
382 1
383 6
384 10
385 3
386 2
387 10
388 2
389 4
390 9
391 9
392 3
393 8
394 3
395 5
396 4
