201 -1
202 6
203 4
204 10
205 0
206 0
207 4
208 5
209 8
210 9
211 8
212 6
213 5
214 4
215 2
216 9
217 5
218 1
219 7
220 5
221 5
222 2
223 9
224 8
225 6
226 3
227 7
228 1
229 6
230 3
231 0
232 7
233 3
234 1
235 7
236 2
237 0
238 7
239 9
240 2
241 9
242 4
243 2
244 3
245 0
246 2
247 6
248 3
249 5
250 5
251 10
252 9
253 8
254 6
255 8
256 7
257 0
258 7
259 7
260 9
261 4
262 4
263 9
264 4
265 8
266 0
267 2
268 4
269 2
270 3
271 5
272 3
273 10
274 8
275 8
276 9
277 4
278 7
279 6
280 2
281 6
282 7
283 9
284 7
285 7
286 9
287 7
288 7
289 10
290 10
