401 0
402 8
403 5
404 2
405 0
406 2
407 -1
408 7
409 1
410 9
411 0
412 3
413 1
414 4
415 3
416 0
417 0
418 0
419 4
420 6
421 1
422 7
423 9
424 8
425 7
426 9
427 0
428 5
429 4
430 5
431 5
432 9
433 4
434 9
435 7
436 1
437 0
438 0
439 1
440 4
441 10
442 10
443 4
444 5
445 9
446 2
447 3
448 4
449 4
450 2
451 2
452 8
453 9
454 5
455 4
456 4
457 1
458 10
459 3
460 10
461 4
462 0
463 0
464 1
465 0
466 5
467 4
468 1
469 9
470 0
471 3
472 1
473 -1
474 0
475 6
476 5
477 9
478 5
479 2
480 5
481 5
482 10
483 10
484 4
485 7
486 9
487 1
