301 8
302 3
303 8
304 10
305 4
306 6
307 7
308 7
309 4
310 6
311 4
312 4
313 8
314 6
315 3
316 6
317 5
318 4
319 9
320 0
321 8
322 4
323 7
324 9
325 7
326 5
327 8
328 10
329 5
330 4
331 2
332 7
333 7
334 5
335 9
336 2
337 10
338 8
339 2
340 4
341 9
342 7
343 6
344 9
345 7
346 5
347 9
348 2
349 9
350 6
351 10
352 0
353 1
354 1
355 3
356 0
357 2
358 5
359 10
360 3
361 3
362 2
363 7
364 4
365 6
366 10
367 6
368 0
369 5
370 1
371 5
372 9
373 7
374 9
375 4
376 1
377 9
378 9
379 3
380 7
381 0
382 0
383 2
384 2
385 2
386 4
387 2
388 10
389 1
390 2
391 10
392 1
393 2
394 10
395 9
396 0
