401 8
402 1
403 8
404 3
405 10
406 5
407 4
408 7
409 1
410 5
411 4
412 8
413 0
414 7
415 9
416 7
417 9
418 2
419 2
420 5
421 3
422 10
423 2
424 3
425 3
426 10
427 7
428 4
429 9
430 4
431 6
432 0
433 9
434 8
435 4
436 7
437 8
438 1
439 0
440 0
441 9
442 7
443 4
444 0
445 7
446 5
447 2
448 2
449 4
450 8
451 0
452 3
453 8
454 5
455 8
456 6
457 0
458 8
459 1
460 4
461 8
462 7
463 10
464 9
465 7
466 0
467 6
468 2
469 8
470 8
471 8
472 6
473 3
474 10
475 7
476 9
477 8
478 1
479 3
480 9
481 1
482 4
483 2
484 0
485 0
486 10
487 9
