501 0
502 10
503 0
504 9
505 2
506 7
507 4
508 10
509 8
510 3
511 1
512 3
513 3
514 1
515 0
516 6
517 7
518 3
519 6
520 8
521 5
522 1
523 5
524 6
525 1
526 1
527 6
528 4
529 3
530 -1
531 1
532 0
533 1
534 0
535 7
536 3
537 1
538 3
539 0
540 2
541 1
542 2
543 5
544 4
545 7
546 5
547 2
548 4
549 7
550 7
551 0
552 8
553 6
554 8
555 9
556 6
557 7
558 8
559 0
560 0
561 9
562 1
563 0
564 10
565 5
566 9
567 7
568 4
569 -1
570 10
571 9
572 10
573 6
574 1
575 8
576 5
577 10
578 1
579 9
580 6
581 -1
582 2
583 2
584 2
585 7
586 4
587 1
588 0
589 6
590 5
591 3
592 4
593 3
594 5
595 10
