301 1
302 1
303 10
304 9
305 6
306 6
307 2
308 2
309 1
310 8
311 5
312 4
313 5
314 6
315 9
316 9
317 4
318 9
319 3
320 3
321 10
322 1
323 0
324 3
325 7
326 8
327 7
328 2
329 3
330 1
331 -1
332 10
333 3
334 4
335 10
336 7
337 7
338 6
339 2
340 9
341 4
342 7
343 2
344 2
345 8
346 0
347 8
348 0
349 3
350 3
351 1
352 5
353 10
354 1
355 9
356 9
357 3
358 2
359 10
360 2
361 10
362 1
363 7
364 4
365 1
366 0
367 5
368 5
369 4
370 2
371 3
372 3
373 2
374 9
375 6
376 6
377 10
378 1
379 5
380 -1
381 4
382 2
383 5
384 8
385 10
386 7
387 4
388 5
389 6
390 6
391 4
392 9
393 2
394 9
395 4
396 9
