301 10
302 2
303 8
304 10
305 10
306 6
307 10
308 3
309 4
310 7
311 6
312 10
313 2
314 8
315 6
316 4
317 3
318 7
319 4
320 7
321 8
322 0
323 8
324 -1
325 1
326 1
327 6
328 8
329 1
330 3
331 3
332 10
333 4
334 1
335 -1
336 7
337 1
338 0
339 8
340 0
341 8
342 4
343 6
344 5
345 3
346 -1
347 10
348 6
349 5
350 0
351 1
352 3
353 8
354 8
355 2
356 3
357 0
358 9
359 9
360 0
361 0
362 2
363 1
364 4
365 7
366 2
367 10
368 4
369 9
370 10
371 5
372 3
373 4
374 1
375 9
376 8
377 2
378 6
379 7
380 6
381 9
382 7
383 1
384 0
385 0
386 9
387 9
388 8
389 10
390 0
391 9
392 4
393 9
394 10
395 3
396 6
