501 0
502 8
503 6
504 4
505 3
506 9
507 4
508 3
509 1
510 8
511 0
512 3
513 6
514 6
515 2
516 3
517 7
518 1
519 8
520 8
521 5
522 6
523 9
524 1
525 8
526 7
527 3
528 9
529 5
530 9
531 7
532 7
533 0
534 1
535 0
536 6
537 0
538 1
539 7
540 8
541 8
542 2
543 1
544 9
545 3
546 10
547 7
548 10
549 0
550 2
551 8
552 3
553 6
554 5
555 3
556 6
557 6
558 10
559 5
560 8
561 1
562 4
563 0
564 2
565 1
566 8
567 8
568 7
569 1
570 3
571 4
572 3
573 4
574 1
575 8
576 1
577 3
578 2
579 6
580 0
581 4
582 4
583 6
584 3
585 10
586 8
587 2
588 8
589 0
590 0
591 5
592 3
593 4
594 9
595 8
