501 6
502 7
503 1
504 1
505 1
506 1
507 2
508 -1
509 5
510 5
511 9
512 10
513 6
514 1
515 10
516 6
517 5
518 7
519 10
520 1
521 3
522 3
523 2
524 1
525 7
526 0
527 9
528 4
529 4
530 3
531 4
532 2
533 5
534 8
535 9
536 7
537 9
538 7
539 6
540 5
541 4
542 6
543 4
544 3
545 2
546 0
547 2
548 4
549 8
550 0
551 9
552 4
553 1
554 5
555 9
556 8
557 4
558 1
559 0
560 1
561 8
562 7
563 0
564 5
565 1
566 10
567 9
568 3
569 2
570 5
571 8
572 1
573 4
574 8
575 4
576 6
577 7
578 7
579 1
580 2
581 3
582 7
583 1
584 8
585 5
586 2
587 1
588 2
589 3
590 9
591 4
592 6
593 2
594 7
595 1
