401 7
402 3
403 9
404 7
405 4
406 7
407 1
408 2
409 1
410 3
411 1
412 3
413 10
414 4
415 7
416 2
417 8
418 7
419 3
420 8
421 3
422 7
423 1
424 0
425 3
426 7
427 10
428 10
429 0
430 2
431 8
432 8
433 7
434 9
435 7
436 2
437 7
438 9
439 3
440 4
441 9
442 8
443 4
444 4
445 7
446 0
447 6
448 7
449 10
450 9
451 10
452 10
453 5
454 10
455 5
456 1
457 10
458 7
459 2
460 8
461 4
462 1
463 1
464 8
465 1
466 2
467 3
468 5
469 10
470 4
471 4
472 1
473 0
474 8
475 6
476 10
477 1
478 5
479 6
480 0
481 5
482 9
483 2
484 5
485 4
486 1
487 2
