501 0
502 5
503 -1
504 4
505 8
506 -1
507 8
508 1
509 1
510 3
511 9
512 8
513 10
514 -1
515 10
516 7
517 4
518 0
519 6
520 6
521 10
522 6
523 1
524 8
525 4
526 10
527 6
528 2
529 4
530 9
531 3
532 3
533 4
534 1
535 6
536 7
537 9
538 -1
539 8
540 8
541 7
542 3
543 9
544 1
545 3
546 2
547 7
548 7
549 7
550 1
551 4
552 1
553 2
554 9
555 7
556 5
557 9
558 2
559 5
560 0
561 5
562 0
563 3
564 2
565 3
566 5
567 7
568 1
569 7
570 7
571 3
572 4
573 6
574 5
575 7
576 5
577 4
578 2
579 7
580 5
581 5
582 -1
583 10
584 3
585 10
586 4
587 2
588 4
589 8
590 5
591 4
592 9
593 1
594 8
595 8
