201 3
202 6
203 4
204 10
205 2
206 10
207 7
208 1
209 2
210 9
211 4
212 7
213 0
214 9
215 0
216 4
217 3
218 5
219 10
220 7
221 5
222 7
223 5
224 4
225 0
226 3
227 5
228 3
229 1
230 6
231 4
232 2
233 6
234 10
235 9
236 5
237 0
238 1
239 6
240 0
241 4
242 10
243 0
244 3
245 0
246 10
247 2
248 10
249 4
250 1
251 2
252 2
253 6
254 8
255 6
256 6
257 7
258 8
259 -1
260 9
261 4
262 2
263 -1
264 1
265 3
266 4
267 4
268 9
269 -1
270 -1
271 9
272 4
273 9
274 3
275 3
276 10
277 7
278 0
279 4
280 2
281 6
282 7
283 7
284 3
285 7
286 10
287 2
288 7
289 0
290 4
