401 2
402 7
403 4
404 0
405 8
406 0
407 6
408 4
409 9
410 0
411 2
412 6
413 8
414 7
415 9
416 7
417 9
418 7
419 0
420 4
421 2
422 4
423 5
424 7
425 9
426 1
427 10
428 8
429 1
430 6
431 8
432 0
433 2
434 6
435 10
436 9
437 4
438 8
439 7
440 10
441 9
442 2
443 6
444 3
445 2
446 5
447 7
448 4
449 8
450 8
451 8
452 7
453 5
454 6
455 5
456 2
457 3
458 1
459 2
460 3
461 0
462 10
463 1
464 2
465 8
466 4
467 3
468 4
469 0
470 7
471 0
472 9
473 1
474 9
475 10
476 1
477 8
478 3
479 0
480 5
481 4
482 0
483 -1
484 -1
485 3
486 10
487 10
