301 5
302 3
303 7
304 3
305 7
306 9
307 6
308 9
309 7
310 2
311 4
312 3
313 6
314 7
315 2
316 3
317 7
318 9
319 4
320 8
321 8
322 8
323 8
324 8
325 6
326 8
327 4
328 8
329 5
330 9
331 0
332 10
333 3
334 10
335 8
336 4
337 10
338 4
339 5
340 0
341 9
342 6
343 7
344 9
345 5
346 3
347 4
348 1
349 9
350 2
351 3
352 8
353 4
354 9
355 3
356 6
357 2
358 9
359 1
360 7
361 10
362 0
363 2
364 8
365 8
366 4
367 3
368 10
369 1
370 2
371 0
372 10
373 7
374 10
375 4
376 -1
377 3
378 2
379 6
380 2
381 7
382 6
383 3
384 3
385 5
386 0
387 8
388 6
389 -1
390 2
391 0
392 2
393 8
394 5
395 1
396 1
