101 6
102 1
103 0
104 3
105 8
106 5
107 7
108 9
109 2
110 10
111 5
112 4
113 0
114 3
115 10
116 10
117 7
118 7
119 2
120 7
121 4
122 0
123 4
124 7
125 8
126 2
127 7
128 6
129 5
130 4
131 4
132 6
133 10
134 4
135 0
136 9
137 0
138 1
139 6
140 7
141 4
142 3
143 2
144 3
145 6
146 9
147 9
148 5
149 5
150 8
151 8
152 5
153 4
154 7
155 5
156 10
157 8
158 6
159 8
160 4
161 4
162 10
163 5
164 10
165 10
166 0
167 10
168 10
169 0
170 10
171 6
172 10
173 9
174 3
175 2
176 7
177 9
178 5
179 7
180 10
181 8
182 0
183 3
