501 10
502 2
503 6
504 8
505 4
506 10
507 5
508 2
509 5
510 6
511 2
512 10
513 -1
514 7
515 6
516 8
517 3
518 8
519 4
520 10
521 1
522 5
523 3
524 3
525 3
526 2
527 10
528 3
529 0
530 0
531 3
532 0
533 3
534 9
535 5
536 2
537 6
538 7
539 5
540 3
541 5
542 1
543 9
544 8
545 8
546 1
547 3
548 4
549 10
550 1
551 8
552 6
553 10
554 8
555 8
556 0
557 4
558 3
559 0
560 10
561 7
562 5
563 0
564 5
565 9
566 10
567 10
568 3
569 5
570 10
571 1
572 2
573 5
574 6
575 5
576 10
577 3
578 10
579 1
580 9
581 0
582 0
583 2
584 2
585 4
586 7
587 7
588 6
589 3
590 3
591 2
592 9
593 5
594 5
595 0
