501 3
502 4
503 10
504 5
505 0
506 6
507 4
508 6
509 1
510 10
511 2
512 1
513 10
514 8
515 1
516 3
517 5
518 7
519 0
520 5
521 3
522 7
523 6
524 8
525 9
526 5
527 7
528 3
529 7
530 0
531 4
532 8
533 7
534 1
535 3
536 6
537 3
538 1
539 6
540 2
541 2
542 1
543 0
544 3
545 1
546 3
547 5
548 2
549 3
550 4
551 6
552 0
553 3
554 5
555 10
556 9
557 1
558 9
559 0
560 5
561 3
562 7
563 6
564 3
565 9
566 3
567 8
568 0
569 5
570 5
571 0
572 4
573 10
574 10
575 2
576 0
577 10
578 8
579 3
580 0
581 9
582 6
583 7
584 2
585 10
586 2
587 8
588 7
589 8
590 4
591 7
592 2
593 9
594 8
595 0
