101 1
102 7
103 6
104 10
105 5
106 4
107 0
108 4
109 9
110 8
111 9
112 5
113 0
114 1
115 0
116 4
117 8
118 1
119 3
120 9
121 7
122 4
123 2
124 10
125 3
126 6
127 9
128 8
129 8
130 10
131 10
132 5
133 9
134 7
135 1
136 8
137 6
138 0
139 4
140 7
141 3
142 8
143 9
144 8
145 0
146 1
147 6
148 1
149 9
150 7
151 0
152 5
153 2
154 2
155 1
156 2
157 7
158 5
159 0
160 7
161 7
162 5
163 0
164 5
165 1
166 4
167 0
168 6
169 10
170 7
171 3
172 4
173 4
174 -1
175 3
176 9
177 3
178 4
179 2
180 7
181 0
182 0
183 4
