301 0
302 2
303 8
304 10
305 0
306 10
307 9
308 5
309 8
310 8
311 -1
312 3
313 8
314 6
315 6
316 2
317 10
318 5
319 6
320 6
321 9
322 6
323 7
324 5
325 8
326 -1
327 9
328 6
329 2
330 2
331 7
332 8
333 1
334 3
335 0
336 4
337 8
338 1
339 6
340 9
341 10
342 8
343 0
344 3
345 3
346 6
347 5
348 8
349 8
350 4
351 0
352 4
353 8
354 2
355 7
356 5
357 6
358 1
359 4
360 4
361 7
362 4
363 2
364 5
365 3
366 6
367 3
368 10
369 -1
370 10
371 8
372 2
373 4
374 1
375 7
376 0
377 10
378 5
379 9
380 2
381 8
382 10
383 2
384 9
385 10
386 6
387 6
388 5
389 1
390 4
391 9
392 7
393 0
394 6
395 7
396 0
