301 6
302 1
303 2
304 0
305 2
306 5
307 6
308 1
309 -1
310 0
311 4
312 0
313 6
314 4
315 9
316 10
317 8
318 4
319 4
320 0
321 5
322 9
323 4
324 8
325 3
326 6
327 0
328 8
329 10
330 8
331 1
332 1
333 8
334 0
335 6
336 3
337 9
338 6
339 9
340 7
341 5
342 7
343 6
344 8
345 3
346 1
347 9
348 1
349 2
350 5
351 0
352 6
353 7
354 9
355 10
356 3
357 5
358 6
359 0
360 2
361 6
362 6
363 2
364 6
365 6
366 10
367 -1
368 5
369 0
370 7
371 0
372 4
373 2
374 8
375 0
376 3
377 7
378 6
379 8
380 3
381 4
382 1
383 7
384 7
385 5
386 9
387 1
388 8
389 0
390 3
391 4
392 10
393 10
394 5
395 3
396 6
