501 1
502 8
503 6
504 3
505 3
506 8
507 8
508 8
509 3
510 1
511 8
512 5
513 5
514 0
515 1
516 0
517 10
518 0
519 6
520 2
521 8
522 8
523 0
524 4
525 3
526 6
527 5
528 2
529 6
530 8
531 2
532 5
533 4
534 5
535 6
536 7
537 3
538 6
539 7
540 3
541 3
542 8
543 5
544 8
545 1
546 5
547 10
548 0
549 3
550 9
551 9
552 2
553 6
554 1
555 6
556 0
557 9
558 5
559 7
560 10
561 4
562 7
563 10
564 2
565 9
566 10
567 2
568 5
569 3
570 10
571 6
572 7
573 8
574 1
575 2
576 8
577 9
578 5
579 10
580 7
581 3
582 1
583 3
584 2
585 9
586 4
587 0
588 3
589 10
590 7
591 1
592 1
593 7
594 7
595 9
