301 8
302 0
303 4
304 6
305 4
306 7
307 10
308 6
309 0
310 6
311 -1
312 2
313 5
314 0
315 -1
316 9
317 3
318 7
319 6
320 0
321 3
322 6
323 5
324 9
325 10
326 3
327 4
328 8
329 4
330 3
331 -1
332 1
333 2
334 9
335 10
336 5
337 0
338 5
339 0
340 7
341 8
342 10
343 8
344 0
345 2
346 3
347 9
348 2
349 7
350 3
351 6
352 3
353 1
354 3
355 5
356 6
357 2
358 3
359 2
360 6
361 0
362 3
363 9
364 8
365 4
366 8
367 6
368 2
369 6
370 6
371 1
372 9
373 3
374 9
375 1
376 7
377 -1
378 8
379 7
380 6
381 3
382 4
383 10
384 1
385 7
386 10
387 5
388 2
389 -1
390 2
391 6
392 8
393 1
394 7
395 1
396 4
