101 1
102 4
103 9
104 4
105 6
106 9
107 6
108 10
109 7
110 4
111 0
112 7
113 8
114 0
115 4
116 4
117 8
118 0
119 8
120 4
121 -1
122 0
123 7
124 8
125 2
126 9
127 9
128 1
129 8
130 -1
131 5
132 6
133 7
134 4
135 6
136 1
137 0
138 7
139 6
140 7
141 2
142 10
143 4
144 9
145 5
146 10
147 1
148 4
149 5
150 3
151 7
152 7
153 1
154 6
155 3
156 4
157 9
158 0
159 9
160 8
161 5
162 0
163 0
164 0
165 10
166 2
167 3
168 0
169 8
170 6
171 6
172 2
173 1
174 2
175 0
176 0
177 3
178 8
179 2
180 5
181 9
182 3
183 2
