201 9
202 9
203 3
204 5
205 1
206 -1
207 0
208 3
209 7
210 3
211 7
212 1
213 10
214 3
215 9
216 4
217 8
218 3
219 4
220 3
221 8
222 8
223 8
224 0
225 6
226 1
227 2
228 -1
229 10
230 9
231 4
232 6
233 3
234 0
235 0
236 2
237 4
238 4
239 10
240 0
241 8
242 10
243 1
244 3
245 8
246 2
247 7
248 7
249 2
250 7
251 1
252 1
253 9
254 5
255 7
256 7
257 3
258 8
259 6
260 3
261 10
262 1
263 10
264 3
265 0
266 2
267 5
268 4
269 4
270 0
271 0
272 0
273 1
274 4
275 6
276 7
277 8
278 9
279 1
280 5
281 9
282 0
283 7
284 5
285 0
286 8
287 9
288 0
289 2
290 3
